 -1 13  4  1 18 -1 -1 -1 -1 -1 -1 -1 19 18 10
 -1  0 11  0 15 -1  2 14 11  3 -1 -1  0 11  4
 -1 19  4 17 17 -1 19  7  4 20 13 -1 10  4 13
 -1 20 21  4  0 -1 18 12  8 11  4 -1  4  4 13
 -1 17  0  1  8  3 -1 -1  2  2 18 -1  0 21  4
 -1  0 19 14 13  4 18  5  4  4 19 -1  1  4  3
 -1 11 14 13  4 11  8  4 18 19 -1  3  0 11 24
 -1  3 17  4  3 -1 19 13 19 -1 21  8  2  4 -1
 18  8  1 18 -1  5  0  2  4 12  0 18 10 18 -1
 14 18 20 -1 22  0 19  4 17  6 11  0 18 18 -1
 21  0 19 -1  0 18  7 -1 -1 17  8 11  4  3 -1
  8 18 19 -1 18 19 14 22  4 -1  0 11  0 17 -1
  4 19 14 -1  7  4 12  0 13 -1 13 14 19  4 -1
 19  4 13 -1 -1 13  4 17  3 -1  2 22 19 18 -1
 18 17 18 -1 -1 -1 -1 -1 -1 -1  4 18 14 18 -1
